H1| SUBMODEL_NUMBER=3
H2| SUBMODEL_NAME=SLAB
H3| UM_VERSION=4.5
#
#|Model |Sectn | Item |Name                                |
#|Space |Point | Time | Grid |LevelT|LevelF|LevelL|PseudT|PseudF|PseudL|LevCom|
#| Option Codes         | Version Mask         |
#|DataT |DumpP | PC1  PC2  PC3  PC4  PC5  PC6  PC7  PC8  PC9  PCA |
#|Rotate| PPFC | USER | LBVC | BLEV | TLEV |RBLEVV| CFLL | CFFF |
#
1|    3 |    0 |  177 |HEAT CONVERGENCE (SLAB MODEL) W/M2 A|
2|    2 |    0 |    1 |    1 |    5 |   -1 |   -1 |    0 |    0 |    0 |    0 |
3| 00000000000004000000 | 00000000000000000001 |
4|    1 |    0 | -99  -99  -99  -99  -99  -99  -99  -99  -99  -99 |
5|    0 |  620 |    0 |    0 |    0 |    0 |    0 |    0 |    0 |
#
1|    3 |    0 |  178 |REF. SEA SURF TEMP (SLAB MODEL) K  A|
2|    2 |    0 |    1 |    1 |    5 |   -1 |   -1 |    0 |    0 |    0 |    0 |
3| 00000000000001000000 | 00000000000000000001 |
4|    1 |    0 | -99  -99  -99  -99  -99  -99  -99  -99  -99  -99 |
5|    0 |  650 |    0 |    0 |    0 |    0 |    0 |    0 |    0 |
#
1|    3 |    0 |  179 |CLIM. SEAICE DEPTH (SLAB MODEL) M  A|
2|    2 |    0 |    1 |    1 |    5 |   -1 |   -1 |    0 |    0 |    0 |    0 |
3| 00000000000001000000 | 00000000000000000001 |
4|    1 |    0 | -99  -99  -99  -99  -99  -99  -99  -99  -99  -99 |
5|    0 |  675 |    0 |    0 |    0 |    0 |    0 |    0 |    0 |
#
1|    3 |    0 |  210 |SLAB TEMPERATURE AFTER TSTEP  SLAB C|
2|    2 |    0 |    1 |    3 |    5 |   -1 |   -1 |    0 |    0 |    0 |    0 |
3| 00000000000001000000 | 00000000000000000001 |
4|    1 |    0 | -99  -99  -99  -99  -99  -99  -99  -99  -99  -99 |
5|    0 |   16 |    0 |    0 |    0 |    0 |    0 |    0 |    0 |
#
1|    3 |    0 |  211 |UICE ICE VELOCITY           SLAB M/S|
2|    2 |    0 |    1 |   11 |    5 |   -1 |   -1 |    0 |    0 |    0 |    0 |
3| 00000000000005000000 | 00000000000000000001 |
4|    1 |    0 | -99  -99  -99  -99  -99  -99  -99  -99  -99  -99 |
5|    0 |  728 |    0 |    0 |    0 |    0 |    0 |    0 |    0 |
#
1|    3 |    0 |  212 |VICE ICE VELOCITY           SLAB M/S|
2|    2 |    0 |    1 |   11 |    5 |   -1 |   -1 |    0 |    0 |    0 |    0 |
3| 00000000000005000000 | 00000000000000000001 |
4|    1 |    0 | -99  -99  -99  -99  -99  -99  -99  -99  -99  -99 |
5|    0 |  729 |    0 |    0 |    0 |    0 |    0 |    0 |    0 |
#
1|    3 |   21 |  177 |CM1: HEAT CONVERGENCE ( SLAB) W/M2 A|
2|    7 |  177 |    1 |    1 |    5 |   -1 |   -1 |    0 |    0 |    0 |    0 |
3| 00000000000004000000 | 00000000000000000001 |
4|    1 |    0 | -99  -99  -99  -99  -99  -99  -99  -99  -99  -99 |
5|    0 |  620 |    0 |    0 |    0 |    0 |    0 |    0 |    0 |
#
1|    3 |   21 |  178 |CM1: REF. SEA SURF TEMP ( SLAB) K  A|
2|    7 |  178 |    1 |    1 |    5 |   -1 |   -1 |    0 |    0 |    0 |    0 |
3| 00000000000001000000 | 00000000000000000001 |
4|    1 |    0 | -99  -99  -99  -99  -99  -99  -99  -99  -99  -99 |
5|    0 |  650 |    0 |    0 |    0 |    0 |    0 |    0 |    0 |
#
1|    3 |   21 |  179 |CM1: CLIM. SEAICE DEPTH ( SLAB) M  A|
2|    7 |  179 |    1 |    1 |    5 |   -1 |   -1 |    0 |    0 |    0 |    0 |
3| 00000000000001000000 | 00000000000000000001 |
4|    1 |    0 | -99  -99  -99  -99  -99  -99  -99  -99  -99  -99 |
5|    0 |  675 |    0 |    0 |    0 |    0 |    0 |    0 |    0 |
#
1|    3 |   21 |  225 |CM1:   SLAB TEMP AFTER TSTEP  SLAB C|
2|    7 |  210 |    5 |    3 |    5 |   -1 |   -1 |    0 |    0 |    0 |    0 |
3| 00000000000001000000 | 00000000000000000001 |
4|    1 |    0 | -99  -99  -99  -99  -99  -99  -99  -99  -99  -99 |
5|    0 |   16 |    0 |    0 |    0 |    0 |    0 |    0 |    0 |
#
1|    3 |   21 |  226 |CM1: UICE ICE VELOCITY      SLAB M/S|
2|    7 |  211 |    5 |   11 |    5 |   -1 |   -1 |    0 |    0 |    0 |    0 |
3| 00000000000005000000 | 00000000000000000001 |
4|    1 |    0 | -99  -99  -99  -99  -99  -99  -99  -99  -99  -99 |
5|    0 |  728 |    0 |    0 |    0 |    0 |    0 |    0 |    0 |
#
1|    3 |   21 |  227 |CM1: VICE ICE VELOCITY      SLAB M/S|
2|    7 |  212 |    5 |   11 |    5 |   -1 |   -1 |    0 |    0 |    0 |    0 |
3| 00000000000005000000 | 00000000000000000001 |
4|    1 |    0 | -99  -99  -99  -99  -99  -99  -99  -99  -99  -99 |
5|    0 |  729 |    0 |    0 |    0 |    0 |    0 |    0 |    0 |
#
1|    3 |   22 |  177 |CM2: HEAT CONVERGENCE (SLAB ) W/M2 A|
2|    7 |  177 |    1 |    1 |    5 |   -1 |   -1 |    0 |    0 |    0 |    0 |
3| 00000000000004000000 | 00000000000000000001 |
4|    1 |    0 | -99  -99  -99  -99  -99  -99  -99  -99  -99  -99 |
5|    0 |  620 |    0 |    0 |    0 |    0 |    0 |    0 |    0 |
#
1|    3 |   22 |  178 |CM2: REF. SEA SURF TEMP (SLAB ) K  A|
2|    7 |  178 |    1 |    1 |    5 |   -1 |   -1 |    0 |    0 |    0 |    0 |
3| 00000000000001000000 | 00000000000000000001 |
4|    1 |    0 | -99  -99  -99  -99  -99  -99  -99  -99  -99  -99 |
5|    0 |  650 |    0 |    0 |    0 |    0 |    0 |    0 |    0 |
#
1|    3 |   22 |  179 |CM2: CLIM. SEAICE DEPTH (SLAB ) M  A|
2|    7 |  179 |    1 |    1 |    5 |   -1 |   -1 |    0 |    0 |    0 |    0 |
3| 00000000000001000000 | 00000000000000000001 |
4|    1 |    0 | -99  -99  -99  -99  -99  -99  -99  -99  -99  -99 |
5|    0 |  675 |    0 |    0 |    0 |    0 |    0 |    0 |    0 |
#
1|    3 |   22 |  225 |CM2:   SLAB TEMP AFTER TSTEP  SLAB C|
2|    7 |  210 |    6 |    3 |    5 |   -1 |   -1 |    0 |    0 |    0 |    0 |
3| 00000000000001000000 | 00000000000000000001 |
4|    1 |    0 | -99  -99  -99  -99  -99  -99  -99  -99  -99  -99 |
5|    0 |   16 |    0 |    0 |    0 |    0 |    0 |    0 |    0 |
#
1|    3 |   22 |  226 |CM2: UICE ICE VELOCITY      SLAB M/S|
2|    7 |  211 |    6 |   11 |    5 |   -1 |   -1 |    0 |    0 |    0 |    0 |
3| 00000000000005000000 | 00000000000000000001 |
4|    1 |    0 | -99  -99  -99  -99  -99  -99  -99  -99  -99  -99 |
5|    0 |  728 |    0 |    0 |    0 |    0 |    0 |    0 |    0 |
#
1|    3 |   22 |  227 |CM2: VICE ICE VELOCITY      SLAB M/S|
2|    7 |  212 |    6 |   11 |    5 |   -1 |   -1 |    0 |    0 |    0 |    0 |
3| 00000000000005000000 | 00000000000000000001 |
4|    1 |    0 | -99  -99  -99  -99  -99  -99  -99  -99  -99  -99 |
5|    0 |  729 |    0 |    0 |    0 |    0 |    0 |    0 |    0 |
#
1|    3 |   23 |  177 |CM3: HEAT CONVERGENCE (SLAB ) W/M2 A|
2|    7 |  177 |    1 |    1 |    5 |   -1 |   -1 |    0 |    0 |    0 |    0 |
3| 00000000000004000000 | 00000000000000000001 |
4|    1 |    0 | -99  -99  -99  -99  -99  -99  -99  -99  -99  -99 |
5|    0 |  620 |    0 |    0 |    0 |    0 |    0 |    0 |    0 |
#
1|    3 |   23 |  178 |CM3: REF. SEA SURF TEMP (SLAB ) K  A|
2|    7 |  178 |    1 |    1 |    5 |   -1 |   -1 |    0 |    0 |    0 |    0 |
3| 00000000000001000000 | 00000000000000000001 |
4|    1 |    0 | -99  -99  -99  -99  -99  -99  -99  -99  -99  -99 |
5|    0 |  650 |    0 |    0 |    0 |    0 |    0 |    0 |    0 |
#
1|    3 |   23 |  179 |CM3: CLIM. SEAICE DEPTH (SLAB ) M  A|
2|    7 |  179 |    1 |    1 |    5 |   -1 |   -1 |    0 |    0 |    0 |    0 |
3| 00000000000001000000 | 00000000000000000001 |
4|    1 |    0 | -99  -99  -99  -99  -99  -99  -99  -99  -99  -99 |
5|    0 |  675 |    0 |    0 |    0 |    0 |    0 |    0 |    0 |
#
1|    3 |   23 |  225 |CM3:   SLAB TEMP AFTER TSTEP  SLAB C|
2|    7 |  210 |    7 |    3 |    5 |   -1 |   -1 |    0 |    0 |    0 |    0 |
3| 00000000000001000000 | 00000000000000000001 |
4|    1 |    0 | -99  -99  -99  -99  -99  -99  -99  -99  -99  -99 |
5|    0 |   16 |    0 |    0 |    0 |    0 |    0 |    0 |    0 |
#
1|    3 |   23 |  226 |CM3: UICE ICE VELOCITY      SLAB M/S|
2|    7 |  211 |    7 |   11 |    5 |   -1 |   -1 |    0 |    0 |    0 |    0 |
3| 00000000000005000000 | 00000000000000000001 |
4|    1 |    0 | -99  -99  -99  -99  -99  -99  -99  -99  -99  -99 |
5|    0 |  728 |    0 |    0 |    0 |    0 |    0 |    0 |    0 |
#
1|    3 |   23 |  227 |CM3: VICE ICE VELOCITY      SLAB M/S|
2|    7 |  212 |    7 |   11 |    5 |   -1 |   -1 |    0 |    0 |    0 |    0 |
3| 00000000000005000000 | 00000000000000000001 |
4|    1 |    0 | -99  -99  -99  -99  -99  -99  -99  -99  -99  -99 |
5|    0 |  729 |    0 |    0 |    0 |    0 |    0 |    0 |    0 |
#
1|    3 |   24 |  177 |CM4: HEAT CONVERGENCE (SLAB ) W/M2 A|
2|    7 |  177 |    1 |    1 |    5 |   -1 |   -1 |    0 |    0 |    0 |    0 |
3| 00000000000004000000 | 00000000000000000001 |
4|    1 |    0 | -99  -99  -99  -99  -99  -99  -99  -99  -99  -99 |
5|    0 |  620 |    0 |    0 |    0 |    0 |    0 |    0 |    0 |
#
1|    3 |   24 |  178 |CM4: REF. SEA SURF TEMP (SLAB ) K  A|
2|    7 |  178 |    1 |    1 |    5 |   -1 |   -1 |    0 |    0 |    0 |    0 |
3| 00000000000001000000 | 00000000000000000001 |
4|    1 |    0 | -99  -99  -99  -99  -99  -99  -99  -99  -99  -99 |
5|    0 |  650 |    0 |    0 |    0 |    0 |    0 |    0 |    0 |
#
1|    3 |   24 |  179 |CM4: CLIM. SEAICE DEPTH (SLAB ) M  A|
2|    7 |  179 |    1 |    1 |    5 |   -1 |   -1 |    0 |    0 |    0 |    0 |
3| 00000000000001000000 | 00000000000000000001 |
4|    1 |    0 | -99  -99  -99  -99  -99  -99  -99  -99  -99  -99 |
5|    0 |  675 |    0 |    0 |    0 |    0 |    0 |    0 |    0 |
#
1|    3 |   24 |  225 |CM4:   SLAB TEMPERATURE       SLAB C|
2|    7 |  210 |    8 |    3 |    5 |   -1 |   -1 |    0 |    0 |    0 |    0 |
3| 00000000000001000000 | 00000000000000000001 |
4|    1 |    0 | -99  -99  -99  -99  -99  -99  -99  -99  -99  -99 |
5|    0 |   16 |    0 |    0 |    0 |    0 |    0 |    0 |    0 |
#
1|    3 |   24 |  226 |CM4: UICE ICE VELOCITY      SLAB M/S|
2|    7 |  211 |    8 |   11 |    5 |   -1 |   -1 |    0 |    0 |    0 |    0 |
3| 00000000000005000000 | 00000000000000000001 |
4|    1 |    0 | -99  -99  -99  -99  -99  -99  -99  -99  -99  -99 |
5|    0 |  728 |    0 |    0 |    0 |    0 |    0 |    0 |    0 |
#
1|    3 |   24 |  227 |CM4: VICE ICE VELOCITY      SLAB M/S|
2|    7 |  212 |    8 |   11 |    5 |   -1 |   -1 |    0 |    0 |    0 |    0 |
3| 00000000000005000000 | 00000000000000000001 |
4|    1 |    0 | -99  -99  -99  -99  -99  -99  -99  -99  -99  -99 |
5|    0 |  729 |    0 |    0 |    0 |    0 |    0 |    0 |    0 |
#
#===============================================================================
#
1|    3 |   40 |   23 |SNOW AMOUNT AFTER SLAB         KG/M2|
2|    0 |    0 |    1 |    1 |    5 |   -1 |   -1 |    0 |    0 |    0 |    0 |
3| 00000000000000000000 | 00000000000000000001 |
4|    1 |    0 | -99  -99  -99  -99  -99  -99  -99  -99  -99  -99 |
5|    0 |   93 |    0 |  129 |    0 |    0 |    0 | 9999 |  121 |
#
1|    3 |   40 |   24 |SURFACE TEMPERATURE AFTER SLAB     K|
2|    0 |    0 |    1 |    1 |    5 |   -1 |   -1 |    0 |    0 |    0 |    0 |
3| 00000000000000000000 | 00000000000000000001 |
4|    1 |    0 | -99  -99  -99  -99  -99  -99  -99  -99  -99  -99 |
5|    0 |   16 |    0 |  129 |    0 |    0 |    0 | 9999 |   18 |
#
1|    3 |   40 |   31 |SEA ICE FRACTION AFTER SLAB         |
2|    0 |    0 |    1 |    3 |    5 |   -1 |   -1 |    0 |    0 |    0 |    0 |
3| 00000000000000000000 | 00000000000000000001 |
4|    1 |    0 | -99  -99  -99  -99  -99  -99  -99  -99  -99  -99 |
5|    0 |   37 |    0 |  129 |    0 |    0 |    0 | 9999 |  134 |
#
1|    3 |   40 |   32 |SEAICE DEPTH(MN OVR ICE)AFTER SLAB M|
2|    0 |    0 |    1 |    3 |    5 |   -1 |   -1 |    0 |    0 |    0 |    0 |
3| 00000000000000000000 | 00000000000000000001 |
4|    1 |    0 | -99  -99  -99  -99  -99  -99  -99  -99  -99  -99 |
5|    0 |  687 |    0 |  129 |    0 |    0 |    0 |    0 |    0 |
#
1|    3 |   40 |  177 |HEAT CONVERGENCE AFTER SLAB   W/M2 A|
2|    7 |  177 |    1 |    1 |    5 |   -1 |   -1 |    0 |    0 |    0 |    0 |
3| 00000000000000000002 | 00000000000000000001 |
4|    1 |    0 | -99  -99  -99  -99  -99  -99  -99  -99  -99  -99 |
5|    0 |  620 |    0 |    0 |    0 |    0 |    0 |    0 |    0 |
#
1|    3 |   40 |  178 |REF. SEA SURF TEMP AFTER SLAB   K  A|
2|    7 |  178 |    1 |    1 |    5 |   -1 |   -1 |    0 |    0 |    0 |    0 |
3| 00000000000000000000 | 00000000000000000001 |
4|    1 |    0 | -99  -99  -99  -99  -99  -99  -99  -99  -99  -99 |
5|    0 |  650 |    0 |    0 |    0 |    0 |    0 |    0 |    0 |
#
1|    3 |   40 |  179 |CLIM. SEAICE DEPTH AFTER SLAB   M  A|
2|    7 |  179 |    1 |    1 |    5 |   -1 |   -1 |    0 |    0 |    0 |    0 |
3| 00000000000000000000 | 00000000000000000001 |
4|    1 |    0 | -99  -99  -99  -99  -99  -99  -99  -99  -99  -99 |
5|    0 |  675 |    0 |    0 |    0 |    0 |    0 |    0 |    0 |
#
1|    3 |   40 |  201 |ANOMALOUS HEAT CONVRGENCE(SLAB) W/M2|
2|    1 |    0 |    1 |    1 |    5 |   -1 |   -1 |    0 |    0 |    0 |    0 |
3| 00000000000000000001 | 00000000000000000001 |
4|    1 |    0 | -99  -99  -99  -99  -99  -99  -99  -99  -99  -99 |
5|    0 |  620 |    0 |    0 |    0 |    0 |    0 |    0 |    0 |
#
1|    3 |   40 |  202 |REDISTRIBUTED HEAT CONVERGENCE SLAB |
2|    1 |    0 |    1 |    3 |    5 |   -1 |   -1 |    0 |    0 |    0 |    0 |
3| 00000000000000000002 | 00000000000000000001 |
4|    1 |    0 | -99  -99  -99  -99  -99  -99  -99  -99  -99  -99 |
5|    0 |  620 |    0 |    0 |    0 |    0 |    0 |    0 |    0 |
#
1|    3 |   40 |  203 |SEAICE DEPTH(GRD BOX MN)AFTER SLAB M|
2|    1 |    0 |    1 |    3 |    5 |   -1 |   -1 |    0 |    0 |    0 |    0 |
3| 00000000000000000000 | 00000000000000000001 |
4|    1 |    0 | -99  -99  -99  -99  -99  -99  -99  -99  -99  -99 |
5|    0 |  687 |    0 |  129 |    0 |    0 |    0 |    0 |    0 |
#
1|    3 |   40 |  204 |ICE FRACTION INC.   (DYNAMICS) SLAB |
2|    1 |    0 |    1 |    3 |    5 |   -1 |   -1 |    0 |    0 |    0 |    0 |
3| 00000000000000000010 | 00000000000000000001 |
4|    1 |    0 | -99  -99  -99  -99  -99  -99  -99  -99  -99  -99 |
5|    0 |  683 |    0 |    0 |    0 |    0 |    0 |    0 |    0 |
#
1|    3 |   40 |  205 |ICE DEPTH INC.      (DYNAMICS) SLAB |
2|    1 |    0 |    1 |    3 |    5 |   -1 |   -1 |    0 |    0 |    0 |    0 |
3| 00000000000000000010 | 00000000000000000001 |
4|    1 |    0 | -99  -99  -99  -99  -99  -99  -99  -99  -99  -99 |
5|    0 |  687 |    0 |    0 |    0 |    0 |    0 |    0 |    0 |
#
1|    3 |   40 |  206 |ICE DEPTH INC.    (DIFFUSION)  SLAB |
2|    1 |    0 |    1 |    3 |    5 |   -1 |   -1 |    0 |    0 |    0 |    0 |
3| 00000000000000000020 | 00000000000000000001 |
4|    1 |    0 | -99  -99  -99  -99  -99  -99  -99  -99  -99  -99 |
5|    0 |  687 |    0 |    0 |    0 |    0 |    0 |    0 |    0 |
#
1|    3 |   40 |  207 |SNOW DEPTH INC.*AICE (DYNAMICS) SLAB|
2|    1 |    0 |    1 |    3 |    5 |   -1 |   -1 |    0 |    0 |    0 |    0 |
3| 00000000000000000010 | 00000000000000000001 |
4|    1 |    0 | -99  -99  -99  -99  -99  -99  -99  -99  -99  -99 |
5|    0 |  688 |    0 |    0 |    0 |    0 |    0 |    0 |    0 |
#
1|    3 |   40 |  208 |ICE FRACTION INC.     (THERMO) SLAB |
2|    1 |    0 |    1 |    3 |    5 |   -1 |   -1 |    0 |    0 |    0 |    0 |
3| 00000000000000000000 | 00000000000000000001 |
4|    1 |    0 | -99  -99  -99  -99  -99  -99  -99  -99  -99  -99 |
5|    0 |  683 |    0 |    0 |    0 |    0 |    0 |    0 |    0 |
#
1|    3 |   40 |  209 |ICE DEPTH INC.        (THERMO) SLAB |
2|    1 |    0 |    1 |    3 |    5 |   -1 |   -1 |    0 |    0 |    0 |    0 |
3| 00000000000000000000 | 00000000000000000001 |
4|    1 |    0 | -99  -99  -99  -99  -99  -99  -99  -99  -99  -99 |
5|    0 |  687 |    0 |    0 |    0 |    0 |    0 |    0 |    0 |
#
1|    3 |   40 |  210 |SNOW DEPTH INC.*AICE  (THERMO) SLAB |
2|    1 |    0 |    1 |    3 |    5 |   -1 |   -1 |    0 |    0 |    0 |    0 |
3| 00000000000000000000 | 00000000000000000001 |
4|    1 |    0 | -99  -99  -99  -99  -99  -99  -99  -99  -99  -99 |
5|    0 |  688 |    0 |    0 |    0 |    0 |    0 |    0 |    0 |
#
1|    3 |   40 |  211 |OCEAN TO ICE HEAT FLUX (W.M-2) SLAB |
2|    1 |    0 |    1 |    3 |    5 |   -1 |   -1 |    0 |    0 |    0 |    0 |
3| 00000000000000000100 | 00000000000000000001 |
4|    1 |    0 | -99  -99  -99  -99  -99  -99  -99  -99  -99  -99 |
5|    0 |  684 |    0 |    0 |    0 |    0 |    0 |    0 |    0 |
#
1|    3 |   40 |  212 |INTERNAL ICE PRESSURE  (N.M-2) SLAB |
2|    1 |    0 |    1 |    3 |    5 |   -1 |   -1 |    0 |    0 |    0 |    0 |
3| 00000000000000000030 | 00000000000000000001 |
4|    1 |    0 | -99  -99  -99  -99  -99  -99  -99  -99  -99  -99 |
5|    0 |  689 |    0 |    0 |    0 |    0 |    0 |    0 |    0 |
#
1|    3 |   40 |  213 |ICE STRENGTH           (N.M-2) SLAB |
2|    1 |    0 |    1 |    3 |    5 |   -1 |   -1 |    0 |    0 |    0 |    0 |
3| 00000000000000000030 | 00000000000000000001 |
4|    1 |    0 | -99  -99  -99  -99  -99  -99  -99  -99  -99  -99 |
5|    0 |  690 |    0 |    0 |    0 |    0 |    0 |    0 |    0 |
#
1|    3 |   40 |  214 |NET SLAB FLUX THRO LDS (W.M-2) SLAB |
2|    1 |    0 |    1 |    3 |    5 |   -1 |   -1 |    0 |    0 |    0 |    0 |
3| 00000000000000000000 | 00000000000000000001 |
4|    1 |    0 | -99  -99  -99  -99  -17  -99  -99  -99  -99  -99 |
5|    0 |  188 |    0 |    0 |    0 |    0 |    0 |    0 |    0 |
#
1|    3 |   40 |  215 |NET ICE  FLUX THRO LDS (W.M-2) SLAB |
2|    1 |    0 |    1 |    3 |    5 |   -1 |   -1 |    0 |    0 |    0 |    0 |
3| 00000000000000000000 | 00000000000000000001 |
4|    1 |    0 | -99  -99  -99  -99  -17  -99  -99  -99  -99  -99 |
5|    0 |  188 |    0 |    0 |    0 |    0 |    0 |    0 |    0 |
#
1|    3 |   40 |  216 |W X SLABTEMP AT SURFACE  AFTER SLAB |
2|    1 |    0 |    1 |    3 |    5 |   -1 |   -1 |    0 |    0 |    0 |    0 |
3| 00000000000000001000 | 00000000000000000001 |
4|    1 |    0 | -99  -99  -99  -99  -30  -99  -99  -99  -99  -99 |
5|    0 |   14 |    0 |  129 |    0 |    0 |    0 |    0 |    0 |
#
1|    3 |   40 |  217 |W X SLABTEMP AT BASE     AFTER SLAB |
2|    1 |    0 |    1 |    3 |    5 |   -1 |   -1 |    0 |    0 |    0 |    0 |
3| 00000000000000001000 | 00000000000000000001 |
4|    1 |    0 | -99  -99  -99  -99  -30  -99  -99  -99  -99  -99 |
5|    0 |   14 |    0 |  129 |    0 |    0 |    0 |    0 |    0 |
#
1|    3 |   40 |  218 |SLAB HEATING RATE (ADV) K/S    SLAB |
2|    1 |    0 |    1 |    3 |    5 |   -1 |   -1 |    0 |    0 |    0 |    0 |
3| 00000000000000001001 | 00000000000000000001 |
4|    1 |    0 | -99  -99  -99  -99  -30  -99  -99  -99  -99  -99 |
5|    0 |  910 |    0 |    0 |    0 |    0 |    0 |    0 |    0 |
#
1|    3 |   40 |  219 |SLAB HEATING RATE (DIFF) K/S   SLAB |
2|    1 |    0 |    1 |    3 |    5 |   -1 |   -1 |    0 |    0 |    0 |    0 |
3| 00000000000000001002 | 00000000000000000001 |
4|    1 |    0 | -99  -99  -99  -99  -30  -99  -99  -99  -99  -99 |
5|    0 |  911 |    0 |    0 |    0 |    0 |    0 |    0 |    0 |
#
1|    3 |   40 |  220 |SLAB CARYHEAT        (W M-2)   SLAB |
2|    1 |    0 |    1 |    3 |    5 |   -1 |   -1 |    0 |    0 |    0 |    0 |
3| 00000000000000000000 | 00000000000000000001 |
4|    1 |    0 | -99  -99  -99  -99  -17  -99  -99  -99  -99  -99 |
5|    0 |  685 |    0 |    0 |    0 |    0 |    0 |    0 |    0 |
#
1|    3 |   40 |  221 |SLAB HEATING RATE (ICE)  K/S   SLAB |
2|    1 |    0 |    1 |    3 |    5 |   -1 |   -1 |    0 |    0 |    0 |    0 |
3| 00000000000000000000 | 00000000000000000001 |
4|    1 |    0 | -99  -99  -99  -99  -30  -99  -99  -99  -99  -99 |
5|    0 |  912 |    0 |    0 |    0 |    0 |    0 |    0 |    0 |
#
1|    3 |   40 |  222 |SNOWFALL INTO SLAB (KG/M2/S)   SLAB |
2|    1 |    0 |    1 |    3 |    5 |   -1 |   -1 |    0 |    0 |    0 |    0 |
3| 00000000000000000000 | 00000000000000000001 |
4|    1 |    0 | -99  -99  -99  -99  -30  -99  -99  -99  -99  -99 |
5|    0 |  108 |    0 |    0 |    0 |    0 |    0 |    0 |    0 |
#
1|    3 |   40 |  223 |SNOWFALL INTO LEADS (KG/M2/S)  SLAB |
2|    1 |    0 |    1 |    3 |    5 |   -1 |   -1 |    0 |    0 |    0 |    0 |
3| 00000000000000000000 | 00000000000000000001 |
4|    1 |    0 | -99  -99  -99  -99  -30  -99  -99  -99  -99  -99 |
5|    0 |  108 |    0 |    0 |    0 |    0 |    0 |    0 |    0 |
#
1|    3 |   40 |  224 |ICE DEPTH INC (ADV) (M/TS)     SLAB |
2|    1 |    0 |    1 |    3 |    5 |   -1 |   -1 |    0 |    0 |    0 |    0 |
3| 00000000000000000010 | 00000000000000000001 |
4|    1 |    0 | -99  -99  -99  -99  -30  -99  -99  -99  -99  -99 |
5|    0 |  687 |    0 |    0 |    0 |    0 |    0 |    0 |    0 |
#
1|    3 |   40 |  225 |SNOW DEPTH INC*AICE (ADV M/TS) SLAB |
2|    1 |    0 |    1 |    3 |    5 |   -1 |   -1 |    0 |    0 |    0 |    0 |
3| 00000000000000000010 | 00000000000000000001 |
4|    1 |    0 | -99  -99  -99  -99  -30  -99  -99  -99  -99  -99 |
5|    0 |  688 |    0 |    0 |    0 |    0 |    0 |    0 |    0 |
#
1|    3 |   40 |  226 |GRID BOX AREAS (M2)            SLAB |
2|    1 |    0 |    1 |    3 |    5 |   -1 |   -1 |    0 |    0 |    0 |    0 |
3| 00000000000000000010 | 00000000000000000001 |
4|    1 |    0 | -99  -99  -99  -99  -30  -99  -99  -99  -99  -99 |
5|    0 |   15 |    0 |    0 |    0 |    0 |    0 |    0 |    0 |
#
#===============================================================================
#
1|   -1 |   -1 |   -1 |END OF FILE MARK                    |
2|    0 |    0 |    0 |    0 |    0 |    0 |    0 |    0 |    0 |    0 |    0 |
3| 00000000000000000000 | 00000000000000000000 |
4|    0 |    0 | -99  -99  -99  -99  -30  -99  -99  -99  -99  -99 |
5|    0 |    0 |    0 |    0 |    0 |    0 |    0 |    0 |    0 |
#
