H1| SUBMODEL_NUMBER=4
H2| SUBMODEL_NAME=WAVE
H3| UM_VERSION=4.5
#
#|Model |Sectn | Item |Name                                |
#|Space |Point | Time | Grid |LevelT|LevelF|LevelL|PseudT|PseudF|PseudL|LevCom|
#| Option Codes         | Version Mask         |
#|DataT |DumpP | PC1  PC2  PC3  PC4  PC5  PC6  PC7  PC8  PC9  PCA |
#|Rotate| PPFC | USER | LBVC | BLEV | TLEV |RBLEVV| CFLL | CFFF |
#
#===============================================================================
#
1|    4 |    0 |    1 |WAVE ENERGY SPECTRUM (FIELDS)       |
2|    2 |    0 |    1 |   62 |   10 |   36 |   37 |    6 |    1 |    4 |    0 |
3| 00000000000000000000 | 00000000000000000001 |
4|    1 |    0 | -99  -99  -99  -99  -99  -99  -99  -99  -99  -99 |
5|    0 |  351 |    0 |  352 |    0 |    0 |    0 |    0 |    0 |
#
1|    4 |    0 |    2 |LAND/SEA MASK (LOGICAL: LAND=TRUE)  |
2|    2 |    0 |    1 |   60 |    5 |   -1 |   -1 |    0 |    0 |    0 |    0 |
3| 00000000000000000000 | 00000000000000000001 |
4|    3 |    0 | -99  -99  -99  -99  -99  -99  -99  -99  -99  -99 |
5|    0 |   38 |    0 |  129 |    0 |    0 |    0 | 9999 |   74 |
#
1|    4 |    0 |    3 |WATER DEPTH                         |
2|    2 |    0 |    1 |   62 |    5 |   -1 |   -1 |    0 |    0 |    0 |    0 |
3| 00000000000000000000 | 00000000000000000001 |
4|    1 |    0 |  -3  -99  -99  -99  -99  -99  -99  -99  -99  -99 |
5|    0 |    2 |    0 |  129 |    0 |    0 |    0 |    0 |  105 |
#
1|    4 |    0 |    4 |10 METRE WIND U COMPONENT           |
2|    2 |    0 |    1 |   62 |    5 |   -1 |   -1 |    0 |    0 |    0 |    0 |
3| 00000000000000000000 | 00000000000000000001 |
4|    1 |    0 | -99  -99  -99  -99  -99  -99  -99  -99  -99  -99 |
5|    0 |   56 |    0 |    1 |    0 |    0 |    0 |    0 |    0 |
#
1|    4 |    0 |    5 |10 METRE WIND V COMPONENT           |
2|    2 |    0 |    1 |   62 |    5 |   -1 |   -1 |    0 |    0 |    0 |    0 |
3| 00000000000000000000 | 00000000000000000001 |
4|    1 |    0 | -99  -99  -99  -99  -99  -99  -99  -99  -99  -99 |
5|    0 |   57 |    0 |    1 |    0 |    0 |    0 |    0 |    0 |
#
1|    4 |    0 |    6 |WAVE DEPENDENT USTAR U COMPONENT    |
2|    2 |    0 |    1 |   62 |    5 |   -1 |   -1 |    0 |    0 |    0 |    0 |
3| 00000000000000000000 | 00000000000000000001 |
4|    1 |    0 | -99  -99  -99  -99  -99  -99  -99  -99  -99  -99 |
5|    0 |   61 |    0 |  129 |    0 |    0 |    0 |    0 |    0 |
#
1|    4 |    0 |    7 |WAVE DEPENDENT USTAR V COMPONENT    |
2|    2 |    0 |    1 |   62 |    5 |   -1 |   -1 |    0 |    0 |    0 |    0 |
3| 00000000000000000000 | 00000000000000000001 |
4|    1 |    0 | -99  -99  -99  -99  -99  -99  -99  -99  -99  -99 |
5|    0 |   62 |    0 |  129 |    0 |    0 |    0 |    0 |    0 |
#
1|    4 |    0 |    8 |SEA ICE FRACTION AFTER TIMESTEP     |
2|    2 |    0 |    1 |   62 |    5 |   -1 |   -1 |    0 |    0 |    0 |    0 |
3| 00000000000000000000 | 00000000000000000001 |
4|    1 |    0 | -99  -99  -99  -99  -99   30  -99  -99  -99  -99 |
5|    0 |   37 |    0 |  129 |    0 |    0 |    0 | 9999 |  134 |
#
1|    4 |    0 |    9 |WAVE INDUCED SURFACE STRESS X COMPT |
2|    2 |    0 |    1 |   62 |    5 |   -1 |   -1 |    0 |    0 |    0 |    0 |
3| 00000000000000000000 | 00000000000000000001 |
4|    1 |    0 |  -9  -99  -99  -99  -99  -99  -99  -99  -99  -99 |
5|    0 |  364 |    0 |  129 |    0 |    0 |    0 |    0 |  213 |
#
1|    4 |    0 |   10 |WAVE INDUCED SURFACE STRESS Y COMPT |
2|    2 |    0 |    1 |   62 |    5 |   -1 |   -1 |    0 |    0 |    0 |    0 |
3| 00000000000000000000 | 00000000000000000001 |
4|    1 |    0 |  -9  -99  -99  -99  -99  -99  -99  -99  -99  -99 |
5|    0 |  365 |    0 |  129 |    0 |    0 |    0 |    0 |  214 |
#
#===============================================================================
#
1|    4 |    1 |    1 |ENERGY INCREMENTS AFTER PROPAGATION |
2|    0 |    0 |    1 |   60 |   10 |   36 |   37 |    6 |    1 |    4 |    0 |
3| 00000000000000000000 | 00000000000000000001 |
4|    1 |    0 | -99  -99  -99  -99  -99  -99  -99  -99  -99  -99 |
5|    0 |  353 |    0 |  352 |    0 |    0 |    0 |    0 |    0 |
#
#===============================================================================
#
1|    4 |    2 |    1 |WAVE DEPENDENT ROUGHNESS LENGTH     |
2|    0 |    0 |    1 |   60 |    5 |   -1 |   -1 |    0 |    0 |    0 |    0 |
3| 00000000000000000000 | 00000000000000000001 |
4|    1 |    0 |  -9  -99  -99  -99  -99  -99  -99  -99  -99  -99 |
5|    0 |  367 |    0 |  129 |    0 |    0 |    0 |    0 |  212 |
#
1|    4 |    2 |    2 |WAVE DEPENDENT USTAR X COMPONENT    |
2|    7 |    6 |    1 |   62 |    5 |   -1 |   -1 |    0 |    0 |    0 |    0 |
3| 00000000000000000000 | 00000000000000000001 |
4|    1 |    0 | -99  -99  -99  -99  -99  -99  -99  -99  -99  -99 |
5|    0 |   61 |    0 |  129 |    0 |    0 |    0 |    0 |    0 |
#
1|    4 |    2 |    3 |WAVE DEPENDENT USTAR Y COMPONENT    |
2|    7 |    7 |    1 |   62 |    5 |   -1 |   -1 |    0 |    0 |    0 |    0 |
3| 00000000000000000000 | 00000000000000000001 |
4|    1 |    0 | -99  -99  -99  -99  -99  -99  -99  -99  -99  -99 |
5|    0 |   62 |    0 |  129 |    0 |    0 |    0 |    0 |    0 |
#
1|    4 |    2 |    4 |WAVE INDUCED SURFACE STRESS X COMPT |
2|    7 |    9 |    1 |   62 |    5 |   -1 |   -1 |    0 |    0 |    0 |    0 |
3| 00000000000000000000 | 00000000000000000001 |
4|    1 |    0 |  -9  -99  -99  -99  -99  -99  -99  -99  -99  -99 |
5|    0 |  364 |    0 |  129 |    0 |    0 |    0 |    0 |  213 |
#
1|    4 |    2 |    5 |WAVE INDUCED SURFACE STRESS Y COMPT |
2|    7 |   10 |    1 |   62 |    5 |   -1 |   -1 |    0 |    0 |    0 |    0 |
3| 00000000000000000000 | 00000000000000000001 |
4|    1 |    0 |  -9  -99  -99  -99  -99  -99  -99  -99  -99  -99 |
5|    0 |  365 |    0 |  129 |    0 |    0 |    0 |    0 |  214 |
#
1|    4 |    2 |    6 |WAVE INDUCED SURF STRESS HF CONTRIBN|
2|    0 |    0 |    1 |   60 |    5 |   -1 |   -1 |    0 |    0 |    0 |    0 |
3| 00000000000000000000 | 00000000000000000001 |
4|    1 |    0 |  -9  -99  -99  -99  -99  -99  -99  -99  -99  -99 |
5|    0 |  366 |    0 |  129 |    0 |    0 |    0 |    0 |  216 |
#
1|    4 |    2 |    7 |ENERGY INCRTS AFTER INPUT SRCE TERM |
2|    0 |    0 |    1 |   60 |   10 |   36 |   37 |    6 |    1 |    4 |    0 |
3| 00000000000000000000 | 00000000000000000001 |
4|    1 |    0 | -99  -99  -99  -99  -99  -99  -99  -99  -99  -99 |
5|    0 |  354 |    0 |  352 |    0 |    0 |    0 |    0 |    0 |
#
#===============================================================================
#
1|    4 |    3 |    1 |ENERGY INCRTS AFTER NONLIN TRANSFER |
2|    0 |    0 |    1 |   60 |   10 |   36 |   37 |    6 |    1 |    4 |    0 |
3| 00000000000000000000 | 00000000000000000001 |
4|    1 |    0 | -99  -99  -99  -99  -99  -99  -99  -99  -99  -99 |
5|    0 |  355 |    0 |  352 |    0 |    0 |    0 |    0 |    0 |
#
#===============================================================================
#
1|    4 |    4 |    1 |ENERGY INCRTS AFTER DISSIPATION     |
2|    0 |    0 |    1 |   60 |   10 |   36 |   37 |    6 |    1 |    4 |    0 |
3| 00000000000000000000 | 00000000000000000001 |
4|    1 |    0 | -99  -99  -99  -99  -99  -99  -99  -99  -99  -99 |
5|    0 |  356 |    0 |  352 |    0 |    0 |    0 |    0 |    0 |
#
#===============================================================================
#
1|    4 |    5 |    1 |ENERGY INCRTS AFTER BOTTOM FRICTION |
2|    0 |    0 |    1 |   60 |   10 |   36 |   37 |    6 |    1 |    4 |    0 |
3| 00000000000000000000 | 00000000000000000001 |
4|    1 |    0 | -99  -99  -99  -99  -99  -99  -99  -99  -99  -99 |
5|    0 |  357 |    0 |  352 |    0 |    0 |    0 |    0 |    0 |
#
#===============================================================================
#
1|    4 |    6 |    1 |TOTAL WAVE HEIGHT                   |
2|    0 |    0 |    1 |   60 |    5 |   -1 |   -1 |    6 |    1 |    4 |    0 |
3| 00000000000000000000 | 00000000000000000001 |
4|    1 |    0 |  -2  -99  -99  -99  -99  -99  -99  -99  -99  -99 |
5|    0 |  387 |    0 |  129 |    0 |    0 |    0 |    0 |  106 |
#
1|    4 |    6 |    2 |TOTAL WAVE UPCROSSING PERIOD        |
2|    0 |    0 |    1 |   60 |    5 |   -1 |   -1 |    0 |    0 |    0 |    0 |
3| 00000000000000000000 | 00000000000000000001 |
4|    1 |    0 |  -2  -99  -99  -99  -99  -99  -99  -99  -99  -99 |
5|    0 |  393 |    0 |  129 |    0 |    0 |    0 |    0 |   95 |
#
1|    4 |    6 |    3 |TOTAL WAVE PRINCIPAL DIRECTION      |
2|    0 |    0 |    1 |   60 |    5 |   -1 |   -1 |    0 |    0 |    0 |    0 |
3| 00000000000000000000 | 00000000000000000001 |
4|    1 |    0 |  -2  -99  -99  -99  -99  -99  -99  -99  -99  -99 |
5|    0 |  394 |    0 |  129 |    0 |    0 |    0 |    0 |   96 |
#
1|    4 |    6 |    4 |TOTAL WAVE PEAK PERIOD              |
2|    0 |    0 |    1 |   60 |    5 |   -1 |   -1 |    0 |    0 |    0 |    0 |
3| 00000000000000000000 | 00000000000000000001 |
4|    1 |    0 |  -2  -99  -99  -99  -99  -99  -99  -99  -99  -99 |
5|    0 |  392 |    0 |  129 |    0 |    0 |    0 |    0 |  116 |
#
1|    4 |    6 |    5 |WINDSEA HEIGHT                      |
2|    0 |    0 |    1 |   60 |    5 |   -1 |   -1 |    0 |    0 |    0 |    0 |
3| 00000000000000000000 | 00000000000000000001 |
4|    1 |    0 |  -5  -99  -99  -99  -99  -99  -99  -99  -99  -99 |
5|    0 |  385 |    0 |  129 |    0 |    0 |    0 |    0 |   97 |
#
1|    4 |    6 |    6 |WINDSEA UPCROSSING PERIOD           |
2|    0 |    0 |    1 |   60 |    5 |   -1 |   -1 |    0 |    0 |    0 |    0 |
3| 00000000000000000000 | 00000000000000000001 |
4|    1 |    0 |  -2  -99  -99  -99  -99  -99  -99  -99  -99  -99 |
5|    0 |  388 |    0 |  129 |    0 |    0 |    0 |    0 |   98 |
#
1|    4 |    6 |    7 |WINDSEA PRINCIPAL DIRECTION         |
2|    0 |    0 |    1 |   60 |    5 |   -1 |   -1 |    0 |    0 |    0 |    0 |
3| 00000000000000000000 | 00000000000000000001 |
4|    1 |    0 |  -2  -99  -99  -99  -99  -99  -99  -99  -99  -99 |
5|    0 |  389 |    0 |  129 |    0 |    0 |    0 |    0 |   99 |
#
1|    4 |    6 |    8 |SWELL HEIGHT                        |
2|    0 |    0 |    1 |   60 |    5 |   -1 |   -1 |    0 |    0 |    0 |    0 |
3| 00000000000000000000 | 00000000000000000001 |
4|    1 |    0 |  -5  -99  -99  -99  -99  -99  -99  -99  -99  -99 |
5|    0 |  386 |    0 |  129 |    0 |    0 |    0 |    0 |  100 |
#
1|    4 |    6 |    9 |SWELL UPCROSSING PERIOD             |
2|    0 |    0 |    1 |   60 |    5 |   -1 |   -1 |    0 |    0 |    0 |    0 |
3| 00000000000000000000 | 00000000000000000001 |
4|    1 |    0 |  -2  -99  -99  -99  -99  -99  -99  -99  -99  -99 |
5|    0 |  390 |    0 |  129 |    0 |    0 |    0 |    0 |  101 |
#
1|    4 |    6 |   10 |SWELL PRINCIPAL DIRECTION           |
2|    0 |    0 |    1 |   60 |    5 |   -1 |   -1 |    0 |    0 |    0 |    0 |
3| 00000000000000000000 | 00000000000000000001 |
4|    1 |    0 |  -2  -99  -99  -99  -99  -99  -99  -99  -99  -99 |
5|    0 |  391 |    0 |  129 |    0 |    0 |    0 |    0 |  102 |
#
1|    4 |    6 |   11 |SWELL PEAK PERIOD                   |
2|    0 |    0 |    1 |   60 |    5 |   -1 |   -1 |    0 |    0 |    0 |    0 |
3| 00000000000000000000 | 00000000000000000001 |
4|    1 |    0 | -99  -99  -99  -99  -99  -99  -99  -99  -99  -99 |
5|    0 |  398 |    0 |  129 |    0 |    0 |    0 |    0 |    0 |
#
1|    4 |    6 |   12 |WAVETRAIN WAVE-HEIGHT               |
2|    0 |    0 |    1 |   60 |    5 |   -1 |   -1 |    7 |    1 |    5 |    0 |
3| 00000000000000000000 | 00000000000000000001 |
4|    1 |    0 |  -5  -99  -99  -99  -99  -99  -99  -99  -99  -99 |
5|    0 |  381 |    0 |  129 |    0 |    0 |    0 |    0 |  217 |
#
1|    4 |    6 |   13 |WAVETRAIN CROSSING PERIOD           |
2|    0 |    0 |    1 |   60 |    5 |   -1 |   -1 |    7 |    1 |    5 |    0 |
3| 00000000000000000000 | 00000000000000000001 |
4|    1 |    0 |  -2  -99  -99  -99  -99  -99  -99  -99  -99  -99 |
5|    0 |  382 |    0 |  129 |    0 |    0 |    0 |    0 |  218 |
#
1|    4 |    6 |   14 |WAVETRAIN MEAN DIRECTION            |
2|    0 |    0 |    1 |   60 |    5 |   -1 |   -1 |    7 |    1 |    5 |    0 |
3| 00000000000000000000 | 00000000000000000001 |
4|    1 |    0 |  -2  -99  -99  -99  -99  -99  -99  -99  -99  -99 |
5|    0 |  383 |    0 |  129 |    0 |    0 |    0 |    0 |  219 |
#
1|    4 |    6 |   15 |MEAN ENERGY AT A GIVEN FREQUENCY    |
2|    0 |    0 |    1 |   60 |    5 |   -1 |   -1 |    6 |    1 |    4 |    0 |
3| 00000000000000000000 | 00000000000000000001 |
4|    1 |    0 | -99  -99  -99  -99  -99  -99  -99  -99  -99  -99 |
5|    0 |  399 |    0 |  129 |    0 |    0 |    0 |    0 |    0 |
#
1|    4 |    6 |   16 |MEAN DIRECTION AT A GIVEN FREQUENCY |
2|    0 |    0 |    1 |   60 |    5 |   -1 |   -1 |    6 |    1 |    4 |    0 |
3| 00000000000000000000 | 00000000000000000001 |
4|    1 |    0 | -99  -99  -99  -99  -99  -99  -99  -99  -99  -99 |
5|    0 |  400 |    0 |  129 |    0 |    0 |    0 |    0 |    0 |
#
1|    4 |    6 |   17 |10 METRE WIND SPEED                 |
2|    2 |    0 |    1 |   62 |    5 |   -1 |   -1 |    0 |    0 |    0 |    0 |
3| 00000000000000000000 | 00000000000000000001 |
4|    1 |    0 | -99  -99  -99  -99  -99  -99  -99  -99  -99  -99 |
5|    0 |   50 |    0 |    1 |    0 |    0 |    0 |    0 |    0 |
#
1|    4 |    6 |   18 |10 METRE WIND DIRECTION             |
2|    2 |    0 |    1 |   62 |    5 |   -1 |   -1 |    0 |    0 |    0 |    0 |
3| 00000000000000000000 | 00000000000000000001 |
4|    1 |    0 | -99  -99  -99  -99  -99  -99  -99  -99  -99  -99 |
5|    0 |   55 |    0 |    1 |    0 |    0 |    0 |    0 |    0 |
#
#===============================================================================
#
1|    4 |    7 |    1 |ENERGY INCRTS AFTER ASSIMILATION    |
2|    0 |    0 |    1 |   60 |   10 |   36 |   37 |    6 |    1 |    4 |    0 |
3| 00000000000000000000 | 00000000000000000001 |
4|    1 |    0 | -99  -99  -99  -99  -99  -99  -99  -99  -99  -99 |
5|    0 |  358 |    0 |  352 |    0 |    0 |    0 |    0 |    0 |
#
1|    4 |    7 |    2 |ASSIMILATION INCRTS FOR WAVE HEIGHT |
2|    0 |    0 |    1 |   60 |    5 |   -1 |   -1 |    0 |    0 |    0 |    0 |
3| 00000000000000000000 | 00000000000000000001 |
4|    1 |    0 | -99  -99  -99  -99  -99  -99  -99  -99  -99  -99 |
5|    0 |  359 |    0 |  129 |    0 |    0 |    0 |    0 |    0 |
#
1|    4 |    7 |    3 |ASSIMILATION INCRTS FOR WINDSPEED   |
2|    0 |    0 |    1 |   60 |    5 |   -1 |   -1 |    0 |    0 |    0 |    0 |
3| 00000000000000000000 | 00000000000000000001 |
4|    1 |    0 | -99  -99  -99  -99  -99  -99  -99  -99  -99  -99 |
5|    0 |  360 |    0 |  129 |    0 |    0 |    0 |    0 |    0 |
#
#===============================================================================
#
1|   -1 |   -1 |   -1 |END OF FILE MARK                    |
2|    0 |    0 |    0 |    0 |    0 |    0 |    0 |    0 |    0 |    0 |    0 |
3| 00000000000000000000 | 00000000000000000000 |
4|    0 |    0 | -99  -99  -99  -99  -30  -99  -99  -99  -99  -99 |
5|    0 |    0 |    0 |    0 |    0 |    0 |    0 |    0 |    0 |
#
