BASIN INDICES FILE
ROW      BASIN1         BASIN2         BASIN3         BASIN4
         DIV1   DIV2    DIV1   DIV2    DIV1   DIV2    DIV1   DIV2
73       0  0   0  0    0  0   0  0    2 97   0  0    2 97   0  0
72       0  0   0  0    0  0   0  0    2 97   0  0    2 97   0  0
71       0  0   0  0    0  0   0  0    2 97   0  0    2 97   0  0
70       0  0   0  0    0  0   0  0    2 97   0  0    2 97   0  0
69       0  0   0  0    0  0   0  0    2 97   0  0    2 97   0  0
68       0  0   0  0    0  0   0  0    2 97   0  0    2 97   0  0
67       0  0   0  0    0  0   0  0    2 97   0  0    2 97   0  0
66       0  0   0  0    0  0   0  0    2 97   0  0    2 97   0  0
65       0  0   0  0    0  0   0  0    2 97   0  0    2 97   0  0
64       0  0   0  0   33 63   0  0    2 14  79 97    2 97   0  0
63       0  0   0  0   33 63   0  0    2  4  79 97    2 97   0  0
62       0  0   0  0   33 63   0  0    2  4  79 97    2 97   0  0
61       0  0   0  0   33 63   0  0    2  4  79 97    2 97   0  0
60       0  0   0  0   33 63   0  0    2  4  79 97    2 97   0  0
59       0  0   0  0   33 63   0  0    2  4  79 97    2 97   0  0
58       0  0   0  0   33 63   0  0    2  4  79 97    2 97   0  0
57       0  0   0  0   33 63   0  0   79 97   0  0    2 97   0  0
56       0  0   0  0   33 63   0  0   79 97   0  0    2 97   0  0
55       0  0   0  0   33 63   0  0   79 97   0  0    2 97   0  0
54       0  0   0  0   33 71   0  0   72 97   0  0    2 97   0  0
53       0  0   0  0   33 71   0  0   72 97   0  0    2 97   0  0
52       0  0   0  0   33 71   0  0   72 96   0  0    2 97   0  0
51       0  0   0  0   33 71   0  0   72 97   0  0    2 97   0  0
50       0  0   0  0   33 71   0  0   72 97   0  0    2 97   0  0
49       0  0   0  0   33 71   0  0   72 97   0  0    2 97   0  0
48       0  0   0  0   33 71   0  0   72 97   0  0    2 97   0  0
47      13 28   0  0   29 71   0  0   72 97   0  0    2 97   0  0
46      13 28   0  0   29 71   0  0   72 97   0  0    2 97   0  0
45      13 28   0  0   29 71   0  0   72 97   0  0    2 97   0  0
44      13 28   0  0   29 71   0  0   72 97   0  0    2 97   0  0
43      13 28   0  0   29 74   0  0   75 97   0  0    2 97   0  0
42      13 28   0  0   29 74   0  0   75 97   0  0    2 97   0  0
41      13 28   0  0   29 74   0  0   75 97   0  0    2 97   0  0
40      13 28   0  0   29 78   0  0   79 97   0  0    2 97   0  0
39      13 28   0  0   29 78   0  0    2  5  79 97    2 97   0  0
38      13 28   0  0   29 78   0  0    2  5  79 97    2 97   0  0
37      13 28   0  0   29 78   0  0    2  5  79 97    2 97   0  0
36      12 28   0  0   29 78   0  0    2  5  79 97    2 97   0  0
35      12 28   0  0   29 78   0  0    2  5  79 97    2 97   0  0
34       0  0   0  0    9 78   0  0    2  5  79 97    2 97   0  0
33       0  0   0  0    9 78   0  0    2  5  79 97    2 97   0  0
32       0  0   0  0    9 78   0  0    2  5  79 97    2 97   0  0
31       0  0   0  0    9 78   0  0    2  5  79 97    2 97   0  0
30       0  0   0  0    9 78   0  0    2  5  79 97    2 97   0  0
29       0  0   0  0    9 78   0  0    2  5  79 97    2 97   0  0
28       0  0   0  0    9 78   0  0    2  5  79 97    2 97   0  0
27       0  0   0  0    9 78   0  0    2  5  79 97    2 97   0  0
26       0  0   0  0    9 78   0  0    2  5  79 97    2 97   0  0
25       0  0   0  0    9 78   0  0    2  5  79 97    2 97   0  0
24       0  0   0  0    9 78   0  0    2  5  79 97    2 97   0  0
23       0  0   0  0    6 78   0  0    2  5  79 97    2 97   0  0
22       0  0   0  0    6 78   0  0    2  5  79 97    2 97   0  0
21       0  0   0  0    6 78   0  0    2  5  79 97    2 97   0  0
20       0  0   0  0    6 78   0  0    2  5  79 97    2 97   0  0
19       0  0   0  0    6 78   0  0    2  5  79 97    2 97   0  0
18       0  0   0  0    6 78   0  0    2  5  79 97    2 97   0  0
17       0  0   0  0    6 78   0  0    2  5  79 97    2 97   0  0
16       0  0   0  0    6 78   0  0    2  5  79 97    2 97   0  0
15       0  0   0  0    6 78   0  0    2  5  79 97    2 97   0  0
14       0  0   0  0    2 97   0  0    0  0   0  0    2 97   0  0
13       0  0   0  0    2 97   0  0    0  0   0  0    2 97   0  0
12       0  0   0  0    2 97   0  0    0  0   0  0    2 97   0  0
11       0  0   0  0    2 97   0  0    0  0   0  0    2 97   0  0
10       0  0   0  0    2 97   0  0    0  0   0  0    2 97   0  0
 9       0  0   0  0    2 97   0  0    0  0   0  0    2 97   0  0
 8       0  0   0  0    2 97   0  0    0  0   0  0    2 97   0  0
 7       0  0   0  0    2 97   0  0    0  0   0  0    2 97   0  0
 6       0  0   0  0    2 97   0  0    0  0   0  0    2 97   0  0
 5       0  0   0  0    0  0   0  0    0  0   0  0    2 97   0  0
 4       0  0   0  0    0  0   0  0    0  0   0  0    2 97   0  0
 3       0  0   0  0    0  0   0  0    0  0   0  0    2 97   0  0
 2       0  0   0  0    0  0   0  0    0  0   0  0    2 97   0  0
 1       0  0   0  0    0  0   0  0    0  0   0  0    2 97   0  0
C ======================================================================
C BASIN INDICES FOR GLOBAL 2.5 X 3.75 DEGREE OCEAN MODEL ON STANDARD UM GRID
C --------------------------------------------------------------------------
C
C THREE TRUE BASINS ARE DEFINED  AND ONE PSEUDO BASIN COMBINING ALL THREE  IE.
C       INDIAN   BASIN (1)
C       PACIFIC  BASIN (2)
C       ATLANTIC BASIN (3)
C       COMBINED BASIN (4)
C NOTE: THE COMBINED BASIN EXCLUDES SOME ISOLATED  AND INLAND  OCEAN POINTS
C       SUCH AS THE MED  HUDSONS BAY  AND THE BLACK SEA.
C
C THE BASIN START AND END INDEX ARRAYS ISHT AND IEHT ARE 3 DIMENSIONAL WHERE
C     1ST DIM = OCEAN ROW NUMBER (1 TO JMT  WHERE 1 IS S POLE)
C     2ND DIM = BASIN NUMBER
C     3RD DIM = SEGMENT NUMBER   (2 SEGMENTS ARE POSSIBLE PER ROW PER BASIN)
C
C TIM JOHNS  MARCH 1992
C=======================================================================
C DATA IS READ AS LIST-DIRECTED INPUT FROM A FILE HELD ON THE CRAY
C COMPATIBLE WITH VN3.2
C SARAH INESON  SEPTEMBER 1993
C=======================================================================
ÿ