BASIN INDICES FILE FOR REGULAR 1.25
ROW      BASIN1          BASIN2         BASIN3          BASIN4
         DIV1   DIV2     DIV1   DIV2    DIV1    DIV2    DIV1     DIV2
144      0  0   0  0    0    0   0  0   2 289   0   0   2  289   0   0
143      0  0   0  0    0    0   0  0   2 289   0   0   2  289   0   0
142      0  0   0  0    0    0   0  0   2 289   0   0   2  289   0   0
141      0  0   0  0    0    0   0  0   2 289   0   0   2  289   0   0
140      0  0   0  0    0    0   0  0   2 289   0   0   2  289   0   0
139      0  0   0  0    0    0   0  0   2 289   0   0   2  289   0   0
138      0  0   0  0    0    0   0  0   2 289   0   0   2  289   0   0
137      0  0   0  0    0    0   0  0   2 289   0   0   2  289   0   0
136      0  0   0  0    0    0   0  0   2 289   0   0   2  289   0   0
135      0  0   0  0    0    0   0  0   2 289   0   0   2  289   0   0
134      0  0   0  0    0    0   0  0   2 289   0   0   2  289   0   0
133      0  0   0  0    0    0   0  0   2 289   0   0   2  289   0   0
132      0  0   0  0    0    0   0  0   2 289   0   0   2  289   0   0
131      0  0   0  0    0    0   0  0   2 289   0   0   2  289   0   0
130      0  0   0  0    0    0   0  0   2 289   0   0   2  289   0   0
129      0  0   0  0    0    0   0  0   2 289   0   0   2  289   0   0
128      0  0   0  0    0    0   0  0   2 289   0   0   2  289   0   0
127      0  0   0  0    84   211 0  0   2 41    234 289 2  289   0   0
126      0  0   0  0    84   211 0  0   2 41    234 289 2  289   0   0
125      0  0   0  0    84   211 0  0   2 11    234 289 2  289   0   0
124      0  0   0  0    84   211 0  0   2 11    234 289 2  289   0   0
123      0  0   0  0    84   211 0  0   2 11    234 289 2  289   0   0
122      0  0   0  0    84   211 0  0   2 11    234 289 2  289   0   0
121      0  0   0  0    84   211 0  0   2 11    234 289 2  289   0   0
120      0  0   0  0    84   211 0  0   2 11    234 289 2  289   0   0
119      0  0   0  0    84   211 0  0   2 11    234 289 2  289   0   0
118      0  0   0  0    84   211 0  0   2 11    234 289 2  289   0   0
117      0  0   0  0    84   211 0  0   2 11    234 289 2  289   0   0
116      0  0   0  0    84   211 0  0   2 11    234 289 2  289   0   0
115      0  0   0  0    84   211 0  0   2 11    234 289 2  289   0   0
114      0  0   0  0    84   211 0  0   2 11    234 289 2  289   0   0
113      0  0   0  0    84   211 0  0   234 289 0   0   2  289   0   0
112      0  0   0  0    84   211 0  0   234 289 0   0   2  289   0   0
111      0  0   0  0    84   211 0  0   234 289 0   0   2  289   0   0
110      0  0   0  0    84   211 0  0   234 289 0   0   2  289   0   0
109      0  0   0  0    84   211 0  0   234 289 0   0   2  289   0   0
108      0  0   0  0    84   211 0  0   234 289 0   0   2  289   0   0
107      0  0   0  0    84   211 0  0   212 287 0   0   2  289   0   0
106      0  0   0  0    84   211 0  0   212 287 0   0   2  289   0   0
105      0  0   0  0    84   211 0  0   212 287 0   0   2  289   0   0
104      0  0   0  0    84   211 0  0   212 287 0   0   2  289   0   0
103      0  0   0  0    84   211 0  0   212 287 0   0   2  289   0   0
102      0  0   0  0    84   211 0  0   212 287 0   0   2  289   0   0
101      0  0   0  0    84   211 0  0   212 287 0   0   2  289   0   0
100      0  0   0  0    84   211 0  0   212 287 0   0   2  289   0   0
99       0  0   0  0    84   211 0  0   212 287 0   0   2  289   0   0
98       0  0   0  0    84   211 0  0   212 287 0   0   2  289   0   0
97       0  0   0  0    84   211 0  0   212 287 0   0   2  289   0   0
96       0  0   0  0    84   211 0  0   212 287 0   0   2  289   0   0
95       0  0   0  0    84   211 0  0   212 287 0   0   2  289   0   0
94       0  0   0  0    84   211 0  0   212 287 0   0   2  289   0   0
93       36 83  0  0    84   211 0  0   212 287 0   0   2  289   0   0
92       36 83  0  0    84   211 0  0   212 287 0   0   2  289   0   0
91       36 83  0  0    84   211 0  0   212 287 0   0   2  289   0   0
90       36 83  0  0    84   211 0  0   212 287 0   0   2  289   0   0
89       36 83  0  0    84   211 0  0   212 287 0   0   2  289   0   0
88       36 83  0  0    84   211 0  0   212 287 0   0   2  289   0   0
87       36 83  0  0    84   211 0  0   212 287 0   0   2  289   0   0
86       36 83  0  0    84   218 0  0   219 287 0   0   2  289   0   0
85       36 83  0  0    84   218 0  0   219 287 0   0   2  289   0   0
84       36 83  0  0    84   218 0  0   219 287 0   0   2  289   0   0
83       36 83  0  0    84   218 0  0   219 287 0   0   2  289   0   0
82       36 83  0  0    84   218 0  0   219 287 0   0   2  289   0   0
81       36 83  0  0    84   221 0  0   222 287 0   0   2  289   0   0
80       36 83  0  0    84   221 0  0   222 287 0   0   2  289   0   0
79       36 83  0  0    84   224 0  0   234 287 0   0   2  289   0   0
78       36 83  0  0    84   224 0  0   234 287 0   0   2  289   0   0
77       36 83  0  0    84   233 0  0   2   16  234 289 2  289   0   0
76       36 83  0  0    84   233 0  0   2   16  234 289 2  289   0   0
75       36 83  0  0    84   233 0  0   2   16  234 289 2  289   0   0
74       36 83  0  0    84   233 0  0   2   16  234 289 2  289   0   0
73       36 83  0  0    84   233 0  0   2   16  234 289 2  289   0   0
72       36 83  0  0    84   233 0  0   2   16  234 289 2  289   0   0
71       32 83  0  0    84   233 0  0   2   16  234 289 2  289   0   0
70       32 83  0  0    84   233 0  0   2   16  234 289 2  289   0   0
69       32 83  0  0    84   233 0  0   2   16  234 289 2  289   0   0
68       32 83  0  0    84   233 0  0   2   16  234 289 2  289   0   0
67       0  0   0  0    17   233 0  0   2   16  234 289 2  289   0   0
66       0  0   0  0    17   233 0  0   2   16  234 289 2  289   0   0
65       0  0   0  0    17   233 0  0   2   16  234 289 2  289   0   0
64       0  0   0  0    17   233 0  0   2   16  234 289 2  289   0   0
63       0  0   0  0    17   233 0  0   2   16  234 289 2  289   0   0
62       0  0   0  0    17   233 0  0   2   16  234 289 2  289   0   0
61       0  0   0  0    17   233 0  0   2   16  234 289 2  289   0   0
60       0  0   0  0    17   233 0  0   2   16  234 289 2  289   0   0
59       0  0   0  0    17   233 0  0   2   16  234 289 2  289   0   0
58       0  0   0  0    17   233 0  0   2   16  234 289 2  289   0   0
57       0  0   0  0    17   233 0  0   2   16  234 289 2  289   0   0
56       0  0   0  0    17   233 0  0   2   16  234 289 2  289   0   0
55       0  0   0  0    17   233 0  0   2   16  234 289 2  289   0   0
54       0  0   0  0    17   233 0  0   2   16  234 289 2  289   0   0
53       0  0   0  0    17   233 0  0   2   16  234 289 2  289   0   0
52       0  0   0  0    17   233 0  0   2   16  234 289 2  289   0   0
51       0  0   0  0    17   233 0  0   2   16  234 289 2  289   0   0
50       0  0   0  0    17   233 0  0   2   16  234 289 2  289   0   0
49       0  0   0  0    17   233 0  0   2   16  234 289 2  289   0   0
48       0  0   0  0    17   233 0  0   2   16  234 289 2  289   0   0
47       0  0   0  0    17   233 0  0   2   16  234 289 2  289   0   0
46       0  0   0  0    17   233 0  0   2   16  234 289 2  289   0   0
45       0  0   0  0    17   233 0  0   2   16  234 289 2  289   0   0
44       0  0   0  0    17   233 0  0   2   16  234 289 2  289   0   0
43       0  0   0  0    17   233 0  0   2   16  234 289 2  289   0   0
42       0  0   0  0    17   233 0  0   2   16  234 289 2  289   0   0
41       0  0   0  0    17   233 0  0   2   16  234 289 2  289   0   0
40       0  0   0  0    17   233 0  0   2   16  234 289 2  289   0   0
39       0  0   0  0    17   233 0  0   2   16  234 289 2  289   0   0
38       0  0   0  0    17   233 0  0   2   16  234 289 2  289   0   0
37       0  0   0  0    17   233 0  0   2   16  234 289 2  289   0   0
36       0  0   0  0    17   233 0  0   2   16  234 289 2  289   0   0
35       0  0   0  0    17   233 0  0   2   16  234 289 2  289   0   0
34       0  0   0  0    17   233 0  0   2   16  234 289 2  289   0   0
33       0  0   0  0    17   233 0  0   2   16  234 289 2  289   0   0
32       0  0   0  0    17   233 0  0   2   16  234 289 2  289   0   0
31       0  0   0  0    17   233 0  0   2   16  234 289 2  289   0   0
30       0  0   0  0    17   233 0  0   2   16  234 289 2  289   0   0
29       0  0   0  0    17   233 0  0   2   16  234 289 2  289   0   0
28       0  0   0  0    17   233 0  0   2   16  234 289 2  289   0   0
27       0  0   0  0    2    289 0  0   0   0   0   0   2  289   0   0
26       0  0   0  0    2    289 0  0   0   0   0   0   2  289   0   0
25       0  0   0  0    2    289 0  0   0   0   0   0   2  289   0   0
24       0  0   0  0    2    289 0  0   0   0   0   0   2  289   0   0
23       0  0   0  0    2    289 0  0   0   0   0   0   2  289   0   0
22       0  0   0  0    2    289 0  0   0   0   0   0   2  289   0   0
21       0  0   0  0    2    289 0  0   0   0   0   0   2  289   0   0
20       0  0   0  0    2    289 0  0   0   0   0   0   2  289   0   0
19       0  0   0  0    2    289 0  0   0   0   0   0   2  289   0   0
18       0  0   0  0    2    289 0  0   0   0   0   0   2  289   0   0
17       0  0   0  0    2    289 0  0   0   0   0   0   2  289   0   0
16       0  0   0  0    2    289 0  0   0   0   0   0   2  289   0   0
15       0  0   0  0    2    289 0  0   0   0   0   0   2  289   0   0
14       0  0   0  0    2    289 0  0   0   0   0   0   2  289   0   0
13       0  0   0  0    2    289 0  0   0   0   0   0   2  289   0   0
12       0  0   0  0    2    289 0  0   0   0   0   0   2  289   0   0
11       0  0   0  0    2    289 0  0   0   0   0   0   2  289   0   0
10       0  0   0  0    2    289 0  0   0   0   0   0   2  289   0   0
9        0  0   0  0    2    289 0  0   0   0   0   0   2  289   0   0
8        0  0   0  0    2    289 0  0   0   0   0   0   2  289   0   0
7        0  0   0  0    2    289 0  0   0   0   0   0   2  289   0   0
6        0  0   0  0    2    289 0  0   0   0   0   0   2  289   0   0
5        0  0   0  0    2    289 0  0   0   0   0   0   2  289   0   0
4        0  0   0  0    2    289 0  0   0   0   0   0   2  289   0   0
3        0  0   0  0    2    289 0  0   0   0   0   0   2  289   0   0
2        0  0   0  0    2    289 0  0   0   0   0   0   2  289   0   0
1        0  0   0  0    2    289 0  0   0   0   0   0   2  289   0   0
C ====================================================================
C ======================================================================
C BASIN INDICES FOR GLOBAL REGULAR 1.25 X 1.25 DEGREE OCEAN MODEL
C --------------------------------------------------------------------------
C
C THREE TRUE BASINS ARE DEFINED  AND ONE PSEUDO BASIN COMBINING ALL THREE  IE.
C       INDIAN   BASIN (1)
C       PACIFIC  BASIN (2)
C       ATLANTIC BASIN (3)
C       COMBINED BASIN (4)
C NOTE: THE COMBINED BASIN EXCLUDES SOME ISOLATED  AND INLAND  OCEAN POINTS
C       SUCH AS THE MED  HUDSONS BAY  AND THE BLACK SEA.
C
C THE BASIN START AND END INDEX ARRAYS ISHT AND IEHT ARE 3 DIMENSIONAL WHERE
C     1ST DIM = OCEAN ROW NUMBER (1 TO JMT  WHERE 1 IS S POLE)
C     2ND DIM = BASIN NUMBER
C     3RD DIM = SEGMENT NUMBER   (2 SEGMENTS ARE POSSIBLE PER ROW PER BASIN)
